7.795612567057590425e-01
2.530543478748086272e-01
7.709197965411931364e-01
1.453008134458855238e-01
5.210652416781158536e-01
5.784955065303734045e-01
8.200039782411749911e-02
4.647192721909050306e-01
8.133045284660056495e-01
8.140523183728873846e-01
1.858534600985422003e-01
2.948438390335468284e-01
5.496532498200394912e-01
5.504010397269212262e-01
6.540821103228608990e-01
6.547925107344099160e-01
9.496460710370229208e-01
3.635231074542843999e-02
3.039863184357045611e-01
4.127149709034938496e-01
6.776943244241238062e-01
6.784421143311192282e-01
7.709063363229233801e-01
4.957869516642858798e-01
9.436757164201026171e-01
9.447974012803115329e-01
2.407352569480281090e-01
3.569791979803085269e-01
6.034133618089754236e-01
7.262752435177617372e-01
8.717996461456323232e-01
2.589678704587186076e-01
3.038352648746922569e-01
3.049569497349011726e-01
6.215338068337814548e-01
6.761224700397860943e-01
5.263468817906868935e-02
3.737356742147994737e-01
4.278008844856913129e-01
1.367595571288120482e-01
5.934722427864471683e-01
8.826425997960996028e-01
9.641516996516656945e-01
3.323634498239016466e-01
7.938485306679012865e-01
8.196472824567990756e-01
1.673321996838694758e-01
2.536645444388341275e-01
6.324201322991029883e-01
3.006078036364669970e-01
3.708252758970047580e-01
5.011097202218479651e-01
7.874384755853043316e-01
5.339945291689218720e-01
