# HJD-2450000   RVP(km/s)
1327.9031 173.5
#2037.7746 -234.8
2037.9247 -246.8
2381.6519 167.6
#2381.8167 156.4
2382.6532 -184.6
#2382.7995 -222.9
2383.6582 16.4
2383.8118 84.2
#2782.6246 172.7
2783.6661 -139.0
2784.6897 -70.9
3130.6387 167.7
3130.6407 169.1
#3131.6332 -216.6
3131.6351 -211.1
3131.9266 -215.6
#3131.9286 -223.7
3132.6081 52.3
3132.6101 53.1
3132.8874 144.6
3132.8893 149.8
3133.6779 48.9
#3133.6798 52.5
3133.9098 -73.6
3134.6256 -222.1
#3134.6275 -213.7
3134.9164 -138.4
#3134.9183 -135.0
3135.6251 164.2
3135.6271 164.5
#3135.8725 190.3
3135.8744 189.5
3509.5753 -28.0
#3509.5784 -31.6
3510.7732 62.8
3510.7762 61.3
#3511.5647 -229.1
3511.5677 -229.3
3511.8786 -186.6
#3511.8816 -182.1
3512.5377 114.6
#3512.8633 193.7
3512.8663 193.7
#3796.7553 152.1
3796.7576 154.0
#3797.7890 -211.3
3797.7931 -212.5
3797.9131 -206.0
3797.9161 -203.6
#3798.7598 131.4
3798.7628 130.5
3798.9088 173.4
3799.9158 -75.4
#3800.7716 -163.5
3800.7746 -163.4
3800.9192 -113.9
3861.6554 -158.9
#3861.9066 -210.5
3862.8769 113.4
3863.6503 147.8
3863.8683 51.0
#3864.6371 -218.1
3864.8531 -193.5
5021.4921 172.2
5021.5611 157.0
#5021.6147 145.3
5022.4910 -211.5
5022.7219 -252.6
#5023.4973 29.2
5023.7349 118.2
5025.5220 -236.7
5025.7098 -188.9
#5028.5145 -142.5
5028.7328 -57.7
5029.4986 167.5
#5029.7368 120.2
5031.4953 10.9
#5031.6685 92.6