# HJD-2450000   RVS(km/s)
1327.9031 -368.8
#2037.7746 263.1
2037.9247 292.5
2381.6519 -355.2
#2381.8167 -314.5
2382.6532 232.9
#2382.7995 280.8
2383.6582 -71.8
2383.8118 -158.7
#2782.6246 -332.9
2783.6661 152.8
2784.6897 35.4
3130.6387 -329.1
3130.6407 -325.8
#3131.6332 292.9
3131.6351 296.6
3131.9266 306.8
#3131.9286 303.3
3132.6081 -110.1
3132.6101 -112.1
3132.8874 -294.1
3132.8893 -287.3
3133.6779 -109.2
#3133.6798 -107.3
3133.9098 59.9
3134.6256 304.4
#3134.6275 302.9
3134.9164 155.4
#3134.9183 146.7
3135.6251 -329.6
3135.6271 -323.3
#3135.8725 -355.7
3135.8744 -352.8
3509.5753 1.3
#3509.5784 11.2
3510.7732 -135.0
3510.7762 -131.0
#3511.5647 316.3
3511.5677 319.7
3511.8786 249.9
#3511.8816 247.7
3512.5377 -217.9
#3512.8633 -344.7
3512.8663 -347.6
#3796.7553 -255.5
3796.7576 -251.6
#3797.7890 334.1
3797.7931 331.3
3797.9131 318.1
3797.9161 317.8
#3798.7598 -229.7
3798.7628 -232.6
3798.9088 -302.5
3799.9158 86.0
#3800.7716 254.6
3800.7746 249.1
3800.9192 156.9
3861.6554 239.1
#3861.9066 324.1
3862.8769 -171.7
3863.6503 -243.0
3863.8683 -85.6
3864.6371 329.3
#3864.8531 298.4
5021.4921 -356.7
5021.5611 -342.4
#5021.6147 -315.3
5022.4910 257.4
5022.7219 306.6
#5023.4973 -117.8
5023.7349 -278.0
5025.5220 283.7
5025.7098 211.0
#5028.5145 133.9
5028.7328 -15.7
5029.4986 -354.3
#5029.7368 -269.5
5031.4953 -99.6
#5031.6685 -228.8