# HJD-2450000   RVT(km/s)
1327.9031 25.4
2037.7746 14.3
2037.9247 13.2
2381.6519 -6.4
2381.8167 0.2
2382.6532 -2.3
2382.7995 -0.7
2383.6582 -3.0
2383.8118 5.8
2782.6246 -19.3
2783.6661 -18.4
2784.6897 -18.3
3130.6387 -33.9
3130.6407 -32.5
3131.6332 -28.1
3131.6351 -27.6
3131.9266 -26.3
3131.9286 -28.7
3132.6081 -30.4
3132.6101 -31.2
3132.8874 -32.9
3132.8893 -29.2
3133.6779 -38.2
3133.6798 -36.1
3133.9098 -30.0
3134.6256 -29.4
3134.6275 -29.4
3134.9164 -34.4
3134.9183 -34.0
3135.6251 -33.8
3135.6271 -36.7
3135.8725 -31.9
3135.8744 -33.3
3509.5753 -49.2
3509.5784 -48.9
3510.7732 -50.3
3510.7762 -51.6
3511.5647 -45.8
3511.5677 -45.9
3511.8786 -53.8
3511.8816 -54.6
3512.5377 -48.5
3512.8633 -53.0
3512.8663 -50.6
3796.7553 -70.3
3796.7576 -70.4
3797.7890 -72.4
3797.7931 -72.9
3797.9131 -70.1
3797.9161 -71.7
3798.7598 -66.2
3798.7628 -68.3
3798.9088 -69.3
3799.9158 -63.2
3800.7716 -71.8
3800.7746 -70.9
3800.9192 -74.1
3861.6554 -72.8
3861.9066 -68.1
3862.8769 -69.6
3863.6503 -69.2
3863.8683 -73.6
3864.6371 -70.8
3864.8531 -72.6
5021.4921 10.9
5021.5611 9.2
5021.6147 7.9
5022.4910 9.9
5022.7219 8.9
5023.4973 9.1
5023.7349 9.4
5025.5220 7.9
5025.7098 10.4
5028.5145 3.6
5028.7328 8.2
5029.4986 7.9
5029.7368 3.5
5031.4953 12.5
5031.6685 6.0